PORT=8080
MONGO_URI=mongodb://127.0.0.1:27017/DoAnAPP

SCHOOL_LAT=21.006343465439546
SCHOOL_LON=105.84311999366783
MAX_DISTANCE_METERS=5000